nv 0 0 0 0
-1.0e77 0 0 1
0.2000 0 0 1
0.2000 6 0 16
0.2030 6 0 16
0.2030 12 1 32
0.2070 12 1 32
0.2070 18 1 48
0.2100 18 1 48
0.2100 25 2 63
0.2130 25 2 63
0.2130 31 2 79
0.2170 31 2 79
0.2170 37 3 95
0.2200 37 3 95
0.2200 43 3 111
0.2230 43 3 111
0.2230 49 3 127
0.2270 49 3 127
0.2270 55 4 143
0.2300 55 4 143
0.2300 61 4 159
0.2330 61 4 159
0.2330 68 5 175
0.2370 68 5 175
0.2370 74 5 190
0.2400 74 5 190
0.2400 70 5 194
0.2430 70 5 194
0.2430 66 4 197
0.2470 66 4 197
0.2470 61 4 199
0.2500 61 4 199
0.2500 57 3 202
0.2530 57 3 202
0.2530 53 3 205
0.2570 53 3 205
0.2570 49 3 208
0.2600 49 3 208
0.2600 45 2 210
0.2630 45 2 210
0.2630 40 2 213
0.2670 40 2 213
0.2670 36 1 216
0.2700 36 1 216
0.2700 32 1 219
0.2730 32 1 219
0.2730 28 0 221
0.2770 28 0 221
0.2770 23 0 224
0.2800 23 0 224
0.2800 22 7 225
0.2830 22 7 225
0.2830 20 15 226
0.2870 20 15 226
0.2870 19 23 227
0.2900 19 23 227
0.2900 17 31 229
0.2930 17 31 229
0.2930 16 38 230
0.2970 16 38 230
0.2970 14 46 231
0.3000 14 46 231
0.3000 13 54 232
0.3030 13 54 232
0.3030 11 62 233
0.3070 11 62 233
0.3070 10 70 234
0.3100 10 70 234
0.3100 8 78 235
0.3130 8 78 235
0.3130 7 85 236
0.3170 7 85 236
0.3170 5 93 237
0.3200 5 93 237
0.3200 5 104 232
0.3230 5 104 232
0.3230 5 115 225
0.3270 5 115 225
0.3270 4 126 219
0.3300 4 126 219
0.3300 4 137 213
0.3330 4 137 213
0.3330 4 148 206
0.3370 4 148 206
0.3370 4 159 200
0.3400 4 159 200
0.3400 4 170 194
0.3430 4 170 194
0.3430 3 181 187
0.3470 3 181 187
0.3470 3 192 181
0.3500 3 192 181
0.3500 3 203 175
0.3530 3 203 175
0.3530 3 214 168
0.3570 3 214 168
0.3570 3 225 162
0.3600 3 225 162
0.3600 3 229 150
0.3630 3 229 150
0.3630 3 231 137
0.3670 3 231 137
0.3670 3 233 123
0.3700 3 233 123
0.3700 3 235 110
0.3730 3 235 110
0.3730 4 237 97
0.3770 4 237 97
0.3770 4 239 83
0.3800 4 239 83
0.3800 4 241 70
0.3830 4 241 70
0.3830 4 243 57
0.3870 4 243 57
0.3870 4 246 43
0.3900 4 246 43
0.3900 5 248 30
0.3930 5 248 30
0.3930 5 250 17
0.3970 5 250 17
0.3970 5 252 3
0.4000 5 252 3
0.4000 12 253 0
0.4030 12 253 0
0.4030 21 253 0
0.4070 21 253 0
0.4070 30 253 0
0.4100 30 253 0
0.4100 39 253 0
0.4130 39 253 0
0.4130 48 253 0
0.4170 48 253 0
0.4170 57 254 0
0.4200 57 254 0
0.4200 67 254 0
0.4230 67 254 0
0.4230 76 254 0
0.4270 76 254 0
0.4270 85 254 0
0.4300 85 254 0
0.4300 94 255 0
0.4330 94 255 0
0.4330 103 255 0
0.4370 103 255 0
0.4370 112 255 0
0.4400 112 255 0
0.4400 122 255 0
0.4430 122 255 0
0.4430 132 255 0
0.4470 132 255 0
0.4470 142 255 1
0.4500 142 255 1
0.4500 152 255 1
0.4530 152 255 1
0.4530 161 255 1
0.4570 161 255 1
0.4570 171 255 1
0.4600 171 255 1
0.4600 181 255 1
0.4630 181 255 1
0.4630 191 255 2
0.4670 191 255 2
0.4670 201 255 2
0.4700 201 255 2
0.4700 211 255 2
0.4730 211 255 2
0.4730 221 255 2
0.4770 221 255 2
0.4770 231 255 2
0.4800 231 255 2
0.4800 235 251 2
0.4830 235 251 2
0.4830 235 246 2
0.4870 235 246 2
0.4870 235 240 2
0.4900 235 240 2
0.4900 235 234 2
0.4930 235 234 2
0.4930 235 228 2
0.4970 235 228 2
0.4970 235 223 1
0.5000 235 223 1
0.5000 235 217 1
0.5030 235 217 1
0.5030 235 211 1
0.5070 235 211 1
0.5070 235 206 1
0.5100 235 206 1
0.5100 235 200 1
0.5130 235 200 1
0.5130 235 194 0
0.5170 235 194 0
0.5170 235 188 0
0.5200 235 188 0
0.5200 235 185 0
0.5230 235 185 0
0.5230 237 183 0
0.5270 237 183 0
0.5270 238 182 0
0.5300 238 182 0
0.5300 239 180 0
0.5330 239 180 0
0.5330 240 178 0
0.5370 240 178 0
0.5370 242 177 0
0.5400 242 177 0
0.5400 243 175 0
0.5430 243 175 0
0.5430 244 173 0
0.5470 244 173 0
0.5470 246 172 0
0.5500 246 172 0
0.5500 247 170 0
0.5530 247 170 0
0.5530 248 168 0
0.5570 248 168 0
0.5570 249 167 0
0.5600 249 167 0
0.5600 250 164 0
0.5630 250 164 0
0.5630 251 160 1
0.5670 251 160 1
0.5670 251 157 2
0.5700 251 157 2
0.5700 251 153 2
0.5730 251 153 2
0.5730 252 149 3
0.5770 252 149 3
0.5770 252 146 4
0.5800 252 146 4
0.5800 253 142 4
0.5830 253 142 4
0.5830 253 139 5
0.5870 253 139 5
0.5870 254 135 5
0.5900 254 135 5
0.5900 254 131 6
0.5930 254 131 6
0.5930 254 128 7
0.5970 254 128 7
0.5970 255 124 7
0.6000 255 124 7
0.6000 254 120 7
0.6030 254 120 7
0.6030 253 116 7
0.6070 253 116 7
0.6070 252 112 6
0.6100 252 112 6
0.6100 251 108 5
0.6130 251 108 5
0.6130 249 104 5
0.6170 249 104 5
0.6170 248 100 4
0.6200 248 100 4
0.6200 247 96 4
0.6230 247 96 4
0.6230 245 92 3
0.6270 245 92 3
0.6270 244 88 2
0.6300 244 88 2
0.6300 243 84 2
0.6330 243 84 2
0.6330 242 80 1
0.6370 242 80 1
0.6370 240 76 0
0.6400 240 76 0
0.6400 240 74 1
0.6430 240 74 1
0.6430 240 74 3
0.6470 240 74 3
0.6470 240 74 5
0.6500 240 74 5
0.6500 240 74 7
0.6530 240 74 7
0.6530 241 74 8
0.6570 241 74 8
0.6570 241 74 10
0.6600 241 74 10
0.6600 241 74 12
0.6630 241 74 12
0.6630 241 74 14
0.6670 241 74 14
0.6670 241 74 16
0.6700 241 74 16
0.6700 242 74 18
0.6730 242 74 18
0.6730 242 74 20
0.6770 242 74 20
0.6770 242 74 22
0.6800 242 74 22
0.6800 243 73 22
0.6830 243 73 22
0.6830 243 70 20
0.6870 243 70 20
0.6870 244 67 18
0.6900 244 67 18
0.6900 244 64 16
0.6930 244 64 16
0.6930 245 61 15
0.6970 245 61 15
0.6970 246 58 13
0.7000 246 58 13
0.7000 246 55 11
0.7030 246 55 11
0.7030 247 52 9
0.7070 247 52 9
0.7070 248 49 7
0.7100 248 49 7
0.7100 248 46 5
0.7130 248 46 5
0.7130 249 43 3
0.7170 249 43 3
0.7170 249 40 1
0.7200 249 40 1
0.7200 250 38 0
0.7230 250 38 0
0.7230 249 36 0
0.7270 249 36 0
0.7270 248 34 0
0.7300 248 34 0
0.7300 247 32 1
0.7330 247 32 1
0.7330 246 30 1
0.7370 246 30 1
0.7370 245 28 1
0.7400 245 28 1
0.7400 244 26 1
0.7430 244 26 1
0.7430 243 24 2
0.7470 243 24 2
0.7470 242 22 2
0.7500 242 22 2
0.7500 241 20 2
0.7530 241 20 2
0.7530 240 19 2
0.7570 240 19 2
0.7570 239 17 2
0.7600 239 17 2
0.7600 237 15 2
0.7630 237 15 2
0.7630 233 14 2
0.7670 233 14 2
0.7670 230 12 2
0.7700 230 12 2
0.7700 227 11 2
0.7730 227 11 2
0.7730 223 10 2
0.7770 223 10 2
0.7770 220 9 1
0.7800 220 9 1
0.7800 216 7 1
0.7830 216 7 1
0.7830 213 6 1
0.7870 213 6 1
0.7870 209 5 1
0.7900 209 5 1
0.7900 206 3 1
0.7930 206 3 1
0.7930 202 2 0
0.7970 202 2 0
0.7970 199 1 0
0.8000 199 1 0
0.8000 196 0 0
0.8030 196 0 0
0.8030 197 1 1
0.8070 197 1 1
0.8070 197 2 1
0.8100 197 2 1
0.8100 197 3 2
0.8130 197 3 2
0.8130 197 4 3
0.8170 197 4 3
0.8170 197 5 3
0.8200 197 5 3
0.8200 198 5 4
0.8230 198 5 4
0.8230 198 6 5
0.8270 198 6 5
0.8270 198 7 5
0.8300 198 7 5
0.8300 198 8 6
0.8330 198 8 6
0.8330 199 9 7
0.8370 199 9 7
0.8370 199 10 7
0.8400 199 10 7
0.8400 199 10 8
0.8430 199 10 8
0.8430 198 9 8
0.8470 198 9 8
0.8470 198 9 9
0.8500 198 9 9
0.8500 198 8 9
0.8530 198 8 9
0.8530 197 8 9
0.8570 197 8 9
0.8570 197 7 10
0.8600 197 7 10
0.8600 196 6 10
0.8630 196 6 10
0.8630 196 6 11
0.8670 196 6 11
0.8670 195 5 11
0.8700 195 5 11
0.8700 195 5 12
0.8730 195 5 12
0.8730 195 4 12
0.8770 195 4 12
0.8770 194 3 12
0.8800 194 3 12
0.8800 193 3 13
0.8830 193 3 13
0.8830 189 3 12
0.8870 189 3 12
0.8870 184 3 11
0.8900 184 3 11
0.8900 180 3 11
0.8930 180 3 11
0.8930 175 3 10
0.8970 175 3 10
0.8970 171 4 9
0.9000 171 4 9
0.9000 166 4 9
0.9030 166 4 9
0.9030 162 4 8
0.9070 162 4 8
0.9070 158 4 8
0.9100 158 4 8
0.9100 153 4 7
0.9130 153 4 7
0.9130 149 5 6
0.9170 149 5 6
0.9170 144 5 6
0.9200 144 5 6
0.9200 140 5 5
0.9230 140 5 5
0.9230 140 6 6
0.9270 140 6 6
0.9270 139 6 6
0.9300 139 6 6
0.9300 139 6 7
0.9330 139 6 7
0.9330 139 7 8
0.9370 139 7 8
0.9370 138 7 8
0.9400 138 7 8
0.9400 138 8 9
0.9430 138 8 9
0.9430 137 8 10
0.9470 137 8 10
0.9470 137 9 10
0.9500 137 9 10
0.9500 136 9 11
0.9530 136 9 11
0.9530 136 9 12
0.9570 136 9 12
0.9570 136 10 12
0.9600 136 10 12
0.9600 135 10 13
0.9630 135 10 13
0.9630 135 9 12
0.9670 135 9 12
0.9670 134 8 12
0.9700 134 8 12
0.9700 134 8 11
0.9730 134 8 11
0.9730 133 7 11
0.9770 133 7 11
0.9770 133 6 11
0.9800 133 6 11
0.9800 133 5 10
0.9830 133 5 10
0.9830 132 4 10
0.9870 132 4 10
0.9870 132 3 9
0.9900 132 3 9
0.9900 131 3 9
0.9930 131 3 9
0.9930 131 2 8
0.9970 131 2 8
0.9970 130 1 8
1.0000 130 1 8
1.0000 130 0 8
1.0e77 130 0 8
