nv 0 0 0 0
-1.1000e+77 0 0 0
-1.0000e+77 254 237 176
0.00 253 236 175
1.1800e+14 253 234 173
2.3600e+14 253 233 172
3.5400e+14 253 232 171
4.7200e+14 253 230 169
5.9100e+14 253 229 168
7.0900e+14 253 227 167
8.2700e+14 253 226 165
9.4500e+14 252 225 164
1.0600e+15 252 223 163
1.1800e+15 252 222 161
1.3000e+15 252 220 160
1.4200e+15 252 219 159
1.5400e+15 252 218 157
1.6500e+15 252 216 156
1.7700e+15 251 215 155
1.8900e+15 251 213 153
2.0100e+15 251 212 152
2.1300e+15 251 211 151
2.2400e+15 251 209 150
2.3600e+15 251 208 148
2.4800e+15 251 206 147
2.6000e+15 250 205 146
2.7200e+15 250 204 145
2.8300e+15 250 202 143
2.9500e+15 250 201 142
3.0700e+15 250 199 141
3.1900e+15 250 198 140
3.3100e+15 250 197 139
3.4300e+15 249 195 137
3.5400e+15 249 194 136
3.6600e+15 249 193 135
3.7800e+15 249 191 134
3.9000e+15 249 190 133
4.0200e+15 249 188 132
4.1300e+15 248 187 130
4.2500e+15 248 186 129
4.3700e+15 248 184 128
4.4900e+15 248 183 127
4.6100e+15 248 182 126
4.7200e+15 247 180 125
4.8400e+15 247 179 124
4.9600e+15 247 177 123
5.0800e+15 247 176 122
5.2000e+15 247 175 121
5.3100e+15 246 173 120
5.4300e+15 246 172 119
5.5500e+15 246 171 118
5.6700e+15 246 169 117
5.7900e+15 245 168 116
5.9100e+15 245 166 115
6.0200e+15 245 165 114
6.1400e+15 245 164 113
6.2600e+15 245 162 112
6.3800e+15 244 161 111
6.5000e+15 244 160 110
6.6100e+15 244 158 109
6.7300e+15 243 157 108
6.8500e+15 243 155 107
6.9700e+15 243 154 106
7.0900e+15 243 153 105
7.2000e+15 242 151 104
7.3200e+15 242 150 103
7.4400e+15 242 149 103
7.5600e+15 242 147 102
7.6800e+15 241 146 101
7.8000e+15 241 145 100
7.9100e+15 241 143 99
8.0300e+15 240 142 98
8.1500e+15 240 140 98
8.2700e+15 240 139 97
8.3900e+15 239 138 96
8.5000e+15 239 136 95
8.6200e+15 239 135 95
8.7400e+15 238 134 94
8.8600e+15 238 132 93
8.9800e+15 238 131 93
9.0900e+15 237 129 92
9.2100e+15 237 128 91
9.3300e+15 237 127 91
9.4500e+15 236 125 90
9.5700e+15 236 124 90
9.6900e+15 235 123 89
9.8000e+15 235 121 89
9.9200e+15 235 120 88
1.0000e+16 234 119 88
1.0200e+16 234 117 87
1.0300e+16 233 116 87
1.0400e+16 233 114 86
1.0500e+16 232 113 86
1.0600e+16 232 112 85
1.0700e+16 231 110 85
1.0900e+16 231 109 85
1.1000e+16 230 108 84
1.1100e+16 230 106 84
1.1200e+16 229 105 84
1.1300e+16 229 104 84
1.1500e+16 228 102 83
1.1600e+16 228 101 83
1.1700e+16 227 100 83
1.1800e+16 227 98 83
1.1900e+16 226 97 83
1.2000e+16 225 96 83
1.2200e+16 225 95 83
1.2300e+16 224 93 83
1.2400e+16 224 92 83
1.2500e+16 223 91 83
1.2600e+16 222 89 83
1.2800e+16 222 88 83
1.2900e+16 221 87 83
1.3000e+16 220 86 83
1.3100e+16 219 85 83
1.3200e+16 219 83 83
1.3300e+16 218 82 83
1.3500e+16 217 81 83
1.3600e+16 216 80 83
1.3700e+16 215 79 84
1.3800e+16 215 77 84
1.3900e+16 214 76 84
1.4100e+16 213 75 84
1.4200e+16 212 74 85
1.4300e+16 211 73 85
1.4400e+16 210 72 85
1.4500e+16 209 71 85
1.4600e+16 209 70 86
1.4800e+16 208 69 86
1.4900e+16 207 68 86
1.5000e+16 206 67 87
1.5100e+16 205 66 87
1.5200e+16 204 65 87
1.5400e+16 203 64 88
1.5500e+16 202 63 88
1.5600e+16 201 62 88
1.5700e+16 200 61 89
1.5800e+16 199 60 89
1.5900e+16 198 59 89
1.6100e+16 197 58 90
1.6200e+16 196 57 90
1.6300e+16 194 56 90
1.6400e+16 193 56 91
1.6500e+16 192 55 91
1.6700e+16 191 54 91
1.6800e+16 190 53 92
1.6900e+16 189 52 92
1.7000e+16 188 52 92
1.7100e+16 187 51 93
1.7200e+16 186 50 93
1.7400e+16 184 49 93
1.7500e+16 183 48 94
1.7600e+16 182 48 94
1.7700e+16 181 47 94
1.7800e+16 180 46 94
1.8000e+16 179 46 95
1.8100e+16 178 45 95
1.8200e+16 176 44 95
1.8300e+16 175 44 96
1.8400e+16 174 43 96
1.8500e+16 173 42 96
1.8700e+16 172 42 96
1.8800e+16 170 41 97
1.8900e+16 169 40 97
1.9000e+16 168 40 97
1.9100e+16 167 39 97
1.9300e+16 165 39 97
1.9400e+16 164 38 98
1.9500e+16 163 38 98
1.9600e+16 162 37 98
1.9700e+16 161 37 98
1.9800e+16 159 36 98
2.0000e+16 158 36 99
2.0100e+16 157 35 99
2.0200e+16 155 35 99
2.0300e+16 154 34 99
2.0400e+16 153 34 99
2.0600e+16 152 33 99
2.0700e+16 150 33 99
2.0800e+16 149 32 99
2.0900e+16 148 32 99
2.1000e+16 147 32 99
2.1100e+16 145 31 99
2.1300e+16 144 31 99
2.1400e+16 143 31 99
2.1500e+16 141 30 99
2.1600e+16 140 30 99
2.1700e+16 139 30 99
2.1900e+16 137 29 99
2.2000e+16 136 29 99
2.2100e+16 135 29 99
2.2200e+16 133 28 99
2.2300e+16 132 28 99
2.2400e+16 131 28 99
2.2600e+16 129 28 99
2.2700e+16 128 27 98
2.2800e+16 127 27 98
2.2900e+16 125 27 98
2.3000e+16 124 27 98
2.3100e+16 123 27 98
2.3300e+16 121 26 97
2.3400e+16 120 26 97
2.3500e+16 119 26 97
2.3600e+16 117 26 97
2.3700e+16 116 26 96
2.3900e+16 115 26 96
2.4000e+16 113 25 96
2.4100e+16 112 25 95
2.4200e+16 110 25 95
2.4300e+16 109 25 94
2.4400e+16 108 25 94
2.4600e+16 106 25 94
2.4700e+16 105 25 93
2.4800e+16 104 25 93
2.4900e+16 102 24 92
2.5000e+16 101 24 92
2.5200e+16 100 24 91
2.5300e+16 98 24 91
2.5400e+16 97 24 90
2.5500e+16 96 24 90
2.5600e+16 94 24 89
2.5700e+16 93 23 89
2.5900e+16 92 23 88
2.6000e+16 90 23 87
2.6100e+16 89 23 87
2.6200e+16 87 23 86
2.6300e+16 86 23 85
2.6500e+16 85 23 85
2.6600e+16 83 22 84
2.6700e+16 82 22 84
2.6800e+16 81 22 83
2.6900e+16 79 22 82
2.7000e+16 78 22 81
2.7200e+16 77 21 81
2.7300e+16 76 21 80
2.7400e+16 74 21 79
2.7500e+16 73 21 79
2.7600e+16 72 21 78
2.7800e+16 70 20 77
2.7900e+16 69 20 76
2.8000e+16 68 20 75
2.8100e+16 66 20 75
2.8200e+16 65 19 74
2.8300e+16 64 19 73
2.8500e+16 62 19 72
2.8600e+16 61 19 71
2.8700e+16 60 18 71
2.8800e+16 59 18 70
2.8900e+16 57 18 69
2.9100e+16 56 17 68
2.9200e+16 55 17 67
2.9300e+16 54 17 66
2.9400e+16 52 17 65
2.9500e+16 51 16 65
2.9600e+16 50 16 64
2.9800e+16 48 15 63
2.9900e+16 47 15 62
