nv 0 0 0 0
-1.1000e+77 0 0 0 0
-1.0000e+77 17 17 17
0.00 17 18 19
3.9400e-03 18 19 21
7.8700e-03 19 19 23
1.1800e-02 19 20 24
1.5700e-02 20 21 26
1.9700e-02 20 22 28
2.3600e-02 20 23 29
2.7600e-02 21 23 31
3.1500e-02 21 24 33
3.5400e-02 21 25 34
3.9400e-02 22 25 36
4.3300e-02 22 26 38
4.7200e-02 22 27 39
5.1200e-02 22 27 41
5.5100e-02 22 28 43
5.9100e-02 22 29 45
6.3000e-02 22 30 46
6.6900e-02 23 30 48
7.0900e-02 23 31 50
7.4800e-02 23 32 52
7.8700e-02 23 33 54
8.2700e-02 23 33 55
8.6600e-02 23 34 57
9.0600e-02 23 35 59
9.4500e-02 22 36 61
9.8400e-02 22 36 63
1.0200e-01 22 37 64
1.0600e-01 22 38 66
1.1000e-01 22 39 68
1.1400e-01 22 39 70
1.1800e-01 21 40 72
1.2200e-01 21 41 74
1.2600e-01 21 42 75
1.3000e-01 20 43 77
1.3400e-01 20 43 79
1.3800e-01 20 44 81
1.4200e-01 19 45 83
1.4600e-01 19 46 84
1.5000e-01 19 46 86
1.5400e-01 18 47 88
1.5700e-01 18 48 90
1.6100e-01 18 49 91
1.6500e-01 17 50 93
1.6900e-01 17 50 95
1.7300e-01 17 51 96
1.7700e-01 16 52 98
1.8100e-01 16 53 99
1.8500e-01 16 54 101
1.8900e-01 16 54 103
1.9300e-01 16 55 104
1.9700e-01 16 56 106
2.0100e-01 16 57 107
2.0500e-01 15 58 109
2.0900e-01 15 59 110
2.1300e-01 15 59 112
2.1700e-01 15 60 113
2.2000e-01 15 61 115
2.2400e-01 15 62 116
2.2800e-01 15 63 118
2.3200e-01 15 63 119
2.3600e-01 15 64 121
2.4000e-01 15 65 122
2.4400e-01 15 66 124
2.4800e-01 15 67 126
2.5200e-01 15 68 127
2.5600e-01 15 68 129
2.6000e-01 15 69 130
2.6400e-01 15 70 132
2.6800e-01 15 71 133
2.7200e-01 15 72 135
2.7600e-01 15 73 136
2.8000e-01 15 73 138
2.8300e-01 15 74 139
2.8700e-01 15 75 141
2.9100e-01 15 76 142
2.9500e-01 15 77 144
2.9900e-01 15 78 146
3.0300e-01 15 79 147
3.0700e-01 15 79 149
3.1100e-01 14 80 150
3.1500e-01 14 81 152
3.1900e-01 14 82 153
3.2300e-01 14 83 155
3.2700e-01 14 84 157
3.3100e-01 14 85 158
3.3500e-01 14 86 160
3.3900e-01 14 86 161
3.4300e-01 13 87 163
3.4600e-01 13 88 165
3.5000e-01 13 89 166
3.5400e-01 13 90 168
3.5800e-01 13 91 169
3.6200e-01 13 92 171
3.6600e-01 12 92 173
3.7000e-01 12 93 174
3.7400e-01 12 94 176
3.7800e-01 12 95 178
3.8200e-01 11 96 179
3.8600e-01 11 97 181
3.9000e-01 11 98 182
3.9400e-01 10 99 184
3.9800e-01 10 100 186
4.0200e-01 10 100 187
4.0600e-01 9 101 189
4.0900e-01 9 102 191
4.1300e-01 9 103 192
4.1700e-01 8 104 194
4.2100e-01 8 105 196
4.2500e-01 7 106 197
4.2900e-01 7 107 199
4.3300e-01 7 108 201
4.3700e-01 6 109 202
4.4100e-01 6 109 204
4.4500e-01 5 110 206
4.4900e-01 5 111 207
4.5300e-01 4 112 209
4.5700e-01 4 113 211
4.6100e-01 3 114 212
4.6500e-01 3 115 214
4.6900e-01 2 116 216
4.7200e-01 2 117 217
4.7600e-01 1 118 219
4.8000e-01 1 119 221
4.8400e-01 0 120 222
4.8800e-01 0 120 224
4.9200e-01 0 121 226
4.9600e-01 1 122 227
5.0000e-01 1 123 229
5.0400e-01 2 124 230
5.0800e-01 3 125 232
5.1200e-01 5 126 233
5.1600e-01 7 127 235
5.2000e-01 11 128 236
5.2400e-01 14 129 237
5.2800e-01 18 130 238
5.3100e-01 22 131 239
5.3500e-01 26 132 240
5.3900e-01 31 132 241
5.4300e-01 35 133 242
5.4700e-01 40 134 242
5.5100e-01 45 135 242
5.5500e-01 49 136 242
5.5900e-01 54 137 242
5.6300e-01 59 138 242
5.6700e-01 64 139 241
5.7100e-01 69 140 240
5.7500e-01 74 141 239
5.7900e-01 79 141 238
5.8300e-01 84 142 236
5.8700e-01 89 143 234
5.9100e-01 93 144 232
5.9400e-01 98 145 230
5.9800e-01 103 146 228
6.0200e-01 107 147 226
6.0600e-01 111 148 223
6.1000e-01 115 149 220
6.1400e-01 119 150 217
6.1800e-01 123 151 214
6.2200e-01 127 152 212
6.2600e-01 131 153 208
6.3000e-01 134 154 205
6.3400e-01 137 155 202
6.3800e-01 141 155 199
6.4200e-01 144 156 196
6.4600e-01 147 157 193
6.5000e-01 150 158 189
6.5400e-01 152 159 186
6.5700e-01 155 160 183
6.6100e-01 158 161 180
6.6500e-01 160 162 177
6.6900e-01 163 163 174
6.7300e-01 165 164 170
6.7700e-01 168 165 167
6.8100e-01 170 166 164
6.8500e-01 172 167 161
6.8900e-01 175 168 158
6.9300e-01 177 169 155
6.9700e-01 179 170 152
7.0100e-01 181 171 149
7.0500e-01 183 172 146
7.0900e-01 185 173 143
7.1300e-01 187 174 140
7.1700e-01 189 175 137
7.2000e-01 191 176 134
7.2400e-01 193 177 131
7.2800e-01 195 178 128
7.3200e-01 197 179 125
7.3600e-01 199 180 122
7.4000e-01 201 181 119
7.4400e-01 202 182 116
7.4800e-01 204 183 113
7.5200e-01 206 184 109
7.5600e-01 208 184 106
7.6000e-01 209 185 103
7.6400e-01 211 186 100
7.6800e-01 213 187 96
7.7200e-01 214 188 93
7.7600e-01 216 189 90
7.8000e-01 218 190 86
7.8300e-01 219 191 82
7.8700e-01 221 192 79
7.9100e-01 222 193 75
7.9500e-01 224 194 72
7.9900e-01 225 195 68
8.0300e-01 227 196 64
8.0700e-01 228 197 60
8.1100e-01 229 198 57
8.1500e-01 231 199 53
8.1900e-01 232 200 49
8.2300e-01 233 201 46
8.2700e-01 235 202 42
8.3100e-01 236 203 39
8.3500e-01 237 204 37
8.3900e-01 239 205 35
8.4300e-01 240 206 34
8.4600e-01 241 207 34
8.5000e-01 242 208 35
8.5400e-01 243 209 37
8.5800e-01 244 210 39
8.6200e-01 245 211 43
8.6600e-01 246 212 47
8.7000e-01 247 214 52
8.7400e-01 248 215 57
8.7800e-01 249 216 62
8.8200e-01 250 217 68
8.8600e-01 251 218 74
8.9000e-01 251 219 80
8.9400e-01 252 220 86
8.9800e-01 253 221 93
9.0200e-01 253 222 99
9.0600e-01 254 223 106
9.0900e-01 254 224 112
9.1300e-01 255 225 119
9.1700e-01 255 226 126
9.2100e-01 255 227 132
9.2500e-01 255 228 139
9.2900e-01 255 229 146
9.3300e-01 255 230 152
9.3700e-01 255 231 159
9.4100e-01 255 232 165
9.4500e-01 255 233 171
9.4900e-01 255 235 177
9.5300e-01 255 236 183
9.5700e-01 254 237 189
9.6100e-01 254 238 195
9.6500e-01 254 239 201
9.6900e-01 253 240 206
9.7200e-01 253 241 211
9.7600e-01 253 242 216
9.8000e-01 253 243 221
9.8400e-01 252 245 226
9.8800e-01 252 246 231
9.9200e-01 252 247 235
1.00 252 248 239
