nv 0 0 0 0
-1.0000e+77 250 204 250
1.0000e+02 250 203 248
1.0200e+02 251 202 246
1.0300e+02 251 202 243
1.0500e+02 251 201 241
1.0600e+02 251 200 239
1.0800e+02 251 199 236
1.0900e+02 251 198 234
1.1100e+02 251 198 232
1.1300e+02 252 197 229
1.1400e+02 252 196 227
1.1600e+02 252 195 225
1.1700e+02 252 195 223
1.1900e+02 252 194 220
1.2000e+02 252 193 218
1.2200e+02 252 192 216
1.2400e+02 252 191 214
1.2500e+02 252 191 211
1.2700e+02 252 190 209
1.2800e+02 252 189 207
1.3000e+02 253 188 205
1.3100e+02 253 188 203
1.3300e+02 253 187 201
1.3500e+02 253 186 199
1.3600e+02 253 186 196
1.3800e+02 253 185 194
1.3900e+02 253 184 192
1.4100e+02 253 183 190
1.4300e+02 253 183 188
1.4400e+02 253 182 186
1.4600e+02 253 181 184
1.4700e+02 253 180 182
1.4900e+02 253 180 180
1.5000e+02 253 179 177
1.5200e+02 253 178 175
1.5400e+02 253 178 173
1.5500e+02 253 177 171
1.5700e+02 253 176 169
1.5800e+02 253 175 167
1.6000e+02 253 175 165
1.6100e+02 253 174 162
1.6300e+02 253 173 160
1.6500e+02 253 172 158
1.6600e+02 253 172 156
1.6800e+02 253 171 154
1.6900e+02 253 170 151
1.7100e+02 252 169 149
1.7200e+02 252 169 147
1.7400e+02 252 168 144
1.7600e+02 252 167 142
1.7700e+02 251 166 140
1.7900e+02 251 166 137
1.8000e+02 250 165 135
1.8200e+02 250 164 133
1.8300e+02 249 163 130
1.8500e+02 249 163 128
1.8700e+02 248 162 126
1.8800e+02 248 161 123
1.9000e+02 247 161 121
1.9100e+02 246 160 119
1.9300e+02 245 159 116
1.9400e+02 244 159 114
1.9600e+02 243 158 112
1.9800e+02 242 157 109
1.9900e+02 241 157 107
2.0100e+02 240 156 105
2.0200e+02 239 155 103
2.0400e+02 238 155 100
2.0600e+02 237 154 98
2.0700e+02 235 154 96
2.0900e+02 234 153 94
2.1000e+02 233 153 92
2.1200e+02 231 152 90
2.1300e+02 230 152 88
2.1500e+02 228 151 86
2.1700e+02 227 151 84
2.1800e+02 225 151 82
2.2000e+02 224 150 81
2.2100e+02 222 150 79
2.2300e+02 221 149 77
2.2400e+02 219 149 75
2.2600e+02 217 149 74
2.2800e+02 216 148 72
2.2900e+02 214 148 70
2.3100e+02 212 148 69
2.3200e+02 210 147 67
2.3400e+02 209 147 66
2.3500e+02 207 147 64
2.3700e+02 205 146 63
2.3900e+02 203 146 62
2.4000e+02 202 146 60
2.4200e+02 200 145 59
2.4300e+02 198 145 58
2.4500e+02 196 145 56
2.4600e+02 194 144 55
2.4800e+02 192 144 54
2.5000e+02 190 144 53
2.5100e+02 189 143 52
2.5300e+02 187 143 51
2.5400e+02 185 143 50
2.5600e+02 183 142 49
2.5700e+02 181 142 48
2.5900e+02 179 142 47
2.6100e+02 177 141 47
2.6200e+02 175 141 46
2.6400e+02 173 140 45
2.6500e+02 171 140 45
2.6700e+02 169 140 44
2.6900e+02 167 139 44
2.7000e+02 165 139 44
2.7200e+02 163 138 44
2.7300e+02 161 138 43
2.7500e+02 159 137 43
2.7600e+02 157 137 43
2.7800e+02 155 137 43
2.8000e+02 153 136 44
2.8100e+02 151 136 44
2.8300e+02 149 135 44
2.8400e+02 147 135 44
2.8600e+02 145 134 45
2.8700e+02 143 134 45
2.8900e+02 142 133 46
2.9100e+02 140 133 46
2.9200e+02 138 132 47
2.9400e+02 136 132 47
2.9500e+02 134 131 48
2.9700e+02 132 131 49
2.9800e+02 130 130 49
3.0000e+02 127 129 51
3.0200e+02 125 129 52
3.0300e+02 123 128 52
3.0500e+02 121 128 53
3.0600e+02 120 127 54
3.0800e+02 118 127 55
3.0900e+02 116 126 56
3.1100e+02 115 126 56
3.1300e+02 113 125 57
3.1400e+02 111 125 58
3.1600e+02 109 124 59
3.1700e+02 108 124 60
3.1900e+02 106 123 61
3.2000e+02 104 123 62
3.2200e+02 103 123 62
3.2400e+02 101 122 63
3.2500e+02 99 122 64
3.2700e+02 98 121 65
3.2800e+02 96 121 66
3.3000e+02 95 120 67
3.3100e+02 93 120 68
3.3300e+02 91 119 69
3.3500e+02 90 119 69
3.3600e+02 88 118 70
3.3800e+02 87 118 71
3.3900e+02 85 117 72
3.4100e+02 83 117 73
3.4300e+02 82 116 74
3.4400e+02 80 116 75
3.4600e+02 79 115 76
3.4700e+02 77 115 77
3.4900e+02 76 114 77
3.5000e+02 74 114 78
3.5200e+02 72 113 79
3.5400e+02 71 113 80
3.5500e+02 69 112 81
3.5700e+02 68 112 82
3.5800e+02 66 111 82
3.6000e+02 65 111 83
3.6100e+02 63 110 84
3.6300e+02 62 110 85
3.6500e+02 60 109 86
3.6600e+02 59 109 86
3.6800e+02 58 108 87
3.6900e+02 56 108 88
3.7100e+02 55 107 88
3.7200e+02 53 106 89
3.7400e+02 52 106 90
3.7600e+02 51 105 90
3.7700e+02 49 105 91
3.7900e+02 48 104 92
3.8000e+02 47 103 92
3.8200e+02 45 103 93
3.8300e+02 44 102 93
3.8500e+02 43 101 94
3.8700e+02 42 101 94
3.8800e+02 40 100 95
3.9000e+02 39 99 95
3.9100e+02 38 99 95
3.9300e+02 37 98 96
3.9400e+02 36 97 96
3.9600e+02 35 96 96
3.9800e+02 34 96 97
3.9900e+02 33 95 97
4.0100e+02 32 94 97
4.0200e+02 31 93 97
4.0400e+02 30 93 98
4.0600e+02 30 92 98
4.0700e+02 29 91 98
4.0900e+02 28 90 98
4.1000e+02 27 89 98
4.1200e+02 27 88 98
4.1300e+02 26 87 98
4.1500e+02 25 87 98
4.1700e+02 25 86 98
4.1800e+02 24 85 98
4.2000e+02 24 84 98
4.2100e+02 23 83 98
4.2300e+02 23 82 98
4.2400e+02 22 81 98
4.2600e+02 22 80 98
4.2800e+02 21 79 98
4.2900e+02 20 78 98
4.3100e+02 20 77 98
4.3200e+02 20 76 98
4.3400e+02 19 75 97
4.3500e+02 19 74 97
4.3700e+02 19 73 97
4.3900e+02 18 72 97
4.4000e+02 18 71 97
4.4200e+02 18 70 97
4.4300e+02 18 69 97
4.4500e+02 17 68 96
4.4600e+02 17 67 96
4.4800e+02 17 66 96
4.5000e+02 17 65 96
4.5100e+02 16 64 96
4.5300e+02 16 63 96
4.5400e+02 16 62 95
4.5600e+02 16 61 95
4.5700e+02 15 60 95
4.5900e+02 15 59 95
4.6100e+02 15 57 95
4.6200e+02 15 56 95
4.6400e+02 14 55 94
4.6500e+02 14 54 94
4.6700e+02 14 53 94
4.6900e+02 13 51 94
4.7000e+02 13 50 94
4.7200e+02 13 49 93
4.7300e+02 12 47 93
4.7500e+02 12 46 93
4.7600e+02 11 45 93
4.7800e+02 11 43 92
4.8000e+02 10 42 92
4.8100e+02 10 40 92
4.8300e+02 9 39 92
4.8400e+02 8 37 91
4.8600e+02 7 36 91
4.8700e+02 7 34 91
4.8900e+02 6 33 91
4.9100e+02 5 31 90
4.9200e+02 4 30 90
4.9400e+02 3 28 90
4.9500e+02 2 27 89
4.9700e+02 1 25 89
