nv 0 0 0 0
-1.0000e+77 42 24 108
0.00 42 25 110
1.1800e+14 42 25 113
2.3600e+14 43 25 115
3.5400e+14 43 25 117
4.7200e+14 44 26 120
5.9100e+14 44 26 122
7.0900e+14 45 26 125
8.2700e+14 45 26 127
9.4500e+14 45 27 130
1.0600e+15 46 27 132
1.1800e+15 46 27 135
1.3000e+15 46 28 137
1.4200e+15 46 28 140
1.5400e+15 46 28 142
1.6500e+15 46 29 145
1.7700e+15 46 29 147
1.8900e+15 46 30 150
2.0100e+15 46 30 152
2.1300e+15 46 31 154
2.2400e+15 45 32 156
2.3600e+15 45 33 158
2.4800e+15 44 35 159
2.6000e+15 43 36 160
2.7200e+15 42 38 161
2.8300e+15 41 39 162
2.9500e+15 40 41 163
3.0700e+15 38 43 163
3.1900e+15 37 45 163
3.3100e+15 36 47 163
3.4300e+15 34 48 163
3.5400e+15 33 50 162
3.6600e+15 32 52 162
3.7800e+15 30 54 161
3.9000e+15 29 55 161
4.0200e+15 28 57 160
4.1300e+15 26 58 160
4.2500e+15 25 60 159
4.3700e+15 24 61 158
4.4900e+15 23 63 158
4.6100e+15 22 64 157
4.7200e+15 21 66 156
4.8400e+15 19 67 156
4.9600e+15 18 68 155
5.0800e+15 18 70 154
5.2000e+15 17 71 154
5.3100e+15 16 72 153
5.4300e+15 15 73 153
5.5500e+15 14 75 152
5.6700e+15 14 76 151
5.7900e+15 13 77 151
5.9100e+15 13 78 150
6.0200e+15 13 79 150
6.1400e+15 12 80 149
6.2600e+15 12 81 149
6.3800e+15 12 82 148
6.5000e+15 12 83 148
6.6100e+15 12 84 147
6.7300e+15 13 85 147
6.8500e+15 13 86 146
6.9700e+15 13 87 146
7.0900e+15 14 88 145
7.2000e+15 14 89 145
7.3200e+15 15 90 144
7.4400e+15 15 91 144
7.5600e+15 16 92 144
7.6800e+15 17 93 143
7.8000e+15 17 94 143
7.9100e+15 18 95 143
8.0300e+15 19 96 142
8.1500e+15 20 97 142
8.2700e+15 21 98 142
8.3900e+15 21 99 141
8.5000e+15 22 100 141
8.6200e+15 23 101 141
8.7400e+15 24 101 141
8.8600e+15 25 102 140
8.9800e+15 26 103 140
9.0900e+15 26 104 140
9.2100e+15 27 105 140
9.3300e+15 28 106 140
9.4500e+15 29 107 139
9.5700e+15 30 108 139
9.6900e+15 31 109 139
9.8000e+15 32 110 139
9.9200e+15 33 111 138
1.0000e+16 34 112 138
1.0200e+16 35 113 138
1.0300e+16 35 114 138
1.0400e+16 36 115 138
1.0500e+16 37 115 138
1.0600e+16 38 116 138
1.0700e+16 39 117 138
1.0900e+16 39 118 137
1.1000e+16 40 119 137
1.1100e+16 41 120 137
1.1200e+16 42 121 137
1.1300e+16 43 122 137
1.1500e+16 44 123 137
1.1600e+16 44 124 137
1.1700e+16 45 125 137
1.1800e+16 46 126 137
1.1900e+16 46 127 137
1.2000e+16 47 127 137
1.2200e+16 48 128 137
1.2300e+16 48 129 137
1.2400e+16 49 130 137
1.2500e+16 50 131 136
1.2600e+16 50 132 136
1.2800e+16 51 133 136
1.2900e+16 52 134 136
1.3000e+16 53 135 136
1.3100e+16 53 136 136
1.3200e+16 54 137 136
1.3300e+16 54 138 136
1.3500e+16 55 139 136
1.3600e+16 55 140 136
1.3700e+16 56 140 136
1.3800e+16 56 141 136
1.3900e+16 57 142 136
1.4100e+16 58 143 136
1.4200e+16 58 144 135
1.4300e+16 59 145 135
1.4400e+16 59 146 135
1.4500e+16 60 147 135
1.4600e+16 60 148 135
1.4800e+16 61 149 135
1.4900e+16 62 150 135
1.5000e+16 62 151 134
1.5100e+16 63 152 134
1.5200e+16 63 153 134
1.5400e+16 64 154 134
1.5500e+16 64 155 134
1.5600e+16 65 156 134
1.5700e+16 65 157 133
1.5800e+16 66 158 133
1.5900e+16 66 159 133
1.6100e+16 67 159 133
1.6200e+16 68 160 132
1.6300e+16 68 161 132
1.6400e+16 69 162 132
1.6500e+16 69 163 131
1.6700e+16 70 164 131
1.6800e+16 71 165 131
1.6900e+16 71 166 131
1.7000e+16 72 167 130
1.7100e+16 73 168 130
1.7200e+16 73 169 129
1.7400e+16 74 170 129
1.7500e+16 75 170 129
1.7600e+16 75 171 128
1.7700e+16 76 172 128
1.7800e+16 77 173 127
1.8000e+16 78 174 127
1.8100e+16 79 175 126
1.8200e+16 79 176 126
1.8300e+16 80 177 125
1.8400e+16 81 178 125
1.8500e+16 82 179 124
1.8700e+16 83 180 124
1.8800e+16 84 180 123
1.8900e+16 85 181 123
1.9000e+16 86 182 122
1.9100e+16 87 183 122
1.9300e+16 88 184 121
1.9400e+16 89 185 120
1.9500e+16 90 186 120
1.9600e+16 91 187 119
1.9700e+16 93 188 118
1.9800e+16 94 189 118
2.0000e+16 95 189 117
2.0100e+16 96 190 116
2.0200e+16 98 191 115
2.0300e+16 99 192 115
2.0400e+16 100 193 114
2.0600e+16 102 194 113
2.0700e+16 103 195 112
2.0800e+16 105 195 111
2.0900e+16 106 196 111
2.1000e+16 108 197 110
2.1100e+16 109 198 109
2.1300e+16 111 199 108
2.1400e+16 113 199 107
2.1500e+16 115 200 106
2.1600e+16 116 201 106
2.1700e+16 118 202 105
2.1900e+16 120 202 104
2.2000e+16 122 203 103
2.2100e+16 124 204 102
2.2200e+16 126 205 101
2.2300e+16 128 205 100
2.2400e+16 130 206 99
2.2600e+16 132 207 99
2.2700e+16 134 207 98
2.2800e+16 136 208 97
2.2900e+16 138 209 96
2.3000e+16 141 209 95
2.3100e+16 143 210 95
2.3300e+16 145 211 94
2.3400e+16 148 211 94
2.3500e+16 150 212 93
2.3600e+16 153 212 93
2.3700e+16 155 213 92
2.3900e+16 157 213 92
2.4000e+16 160 214 92
2.4100e+16 162 214 92
2.4200e+16 165 215 92
2.4300e+16 167 215 92
2.4400e+16 170 216 92
2.4600e+16 172 216 92
2.4700e+16 175 217 93
2.4800e+16 177 217 93
2.4900e+16 179 218 94
2.5000e+16 182 218 95
2.5200e+16 184 219 96
2.5300e+16 186 219 96
2.5400e+16 189 220 97
2.5500e+16 191 220 98
2.5600e+16 193 221 100
2.5700e+16 195 221 101
2.5900e+16 198 222 102
2.6000e+16 200 222 103
2.6100e+16 202 223 105
2.6200e+16 204 223 106
2.6300e+16 206 224 108
2.6500e+16 208 224 109
2.6600e+16 210 225 111
2.6700e+16 212 225 112
2.6800e+16 214 226 114
2.6900e+16 216 226 115
2.7000e+16 218 227 117
2.7200e+16 220 227 119
2.7300e+16 222 228 120
2.7400e+16 224 229 122
2.7500e+16 225 229 124
2.7600e+16 227 230 126
2.7800e+16 229 230 127
2.7900e+16 231 231 129
2.8000e+16 233 231 131
2.8100e+16 234 232 133
2.8200e+16 236 233 135
2.8300e+16 238 233 137
2.8500e+16 240 234 138
2.8600e+16 242 234 140
2.8700e+16 243 235 142
2.8800e+16 245 236 144
2.8900e+16 247 236 146
2.9100e+16 248 237 148
2.9200e+16 250 238 150
2.9300e+16 252 238 152
2.9400e+16 253 239 154
