nv 0 0 0 0
1.0000e+01 224 253 74
1.0235e+01 224 252 74
1.0471e+01 224 250 73
1.0706e+01 224 249 72
1.0941e+01 224 247 72
1.1176e+01 224 246 71
1.1412e+01 224 245 70
1.1647e+01 224 243 70
1.1882e+01 224 242 69
1.2118e+01 224 240 68
1.2353e+01 223 239 68
1.2588e+01 223 238 67
1.2824e+01 223 236 66
1.3059e+01 223 235 65
1.3294e+01 223 234 65
1.3529e+01 223 232 64
1.3765e+01 223 231 63
1.4000e+01 223 230 63
1.4235e+01 223 228 62
1.4471e+01 222 227 61
1.4706e+01 222 226 61
1.4941e+01 222 224 60
1.5176e+01 222 223 60
1.5412e+01 222 222 59
1.5647e+01 222 220 58
1.5882e+01 221 219 58
1.6118e+01 221 218 57
1.6353e+01 221 216 56
1.6588e+01 221 215 56
1.6824e+01 221 214 55
1.7059e+01 220 212 54
1.7294e+01 220 211 54
1.7529e+01 220 210 53
1.7765e+01 220 208 52
1.8000e+01 220 207 52
1.8235e+01 219 206 51
1.8471e+01 219 205 51
1.8706e+01 219 203 50
1.8941e+01 219 202 49
1.9176e+01 218 201 49
1.9412e+01 218 200 48
1.9647e+01 218 198 47
1.9882e+01 218 197 47
2.0118e+01 217 196 46
2.0353e+01 217 195 46
2.0588e+01 217 193 45
2.0824e+01 217 192 44
2.1059e+01 216 191 44
2.1294e+01 216 190 43
2.1529e+01 216 188 43
2.1765e+01 216 187 42
2.2000e+01 215 186 42
2.2235e+01 215 185 41
2.2471e+01 215 183 40
2.2706e+01 214 182 40
2.2941e+01 214 181 39
2.3176e+01 214 180 39
2.3412e+01 213 179 38
2.3647e+01 213 177 38
2.3882e+01 213 176 37
2.4118e+01 212 175 37
2.4353e+01 212 174 36
2.4588e+01 212 173 36
2.4824e+01 211 171 35
2.5059e+01 211 170 34
2.5294e+01 211 169 34
2.5529e+01 210 168 33
2.5765e+01 210 167 33
2.6000e+01 210 165 32
2.6235e+01 209 164 32
2.6471e+01 209 163 32
2.6706e+01 209 162 31
2.6941e+01 208 161 31
2.7176e+01 208 159 30
2.7412e+01 207 158 30
2.7647e+01 207 157 29
2.7882e+01 207 156 29
2.8118e+01 206 155 28
2.8353e+01 206 154 28
2.8588e+01 205 153 27
2.8824e+01 205 151 27
2.9059e+01 205 150 27
2.9294e+01 204 149 26
2.9529e+01 204 148 26
2.9765e+01 203 147 25
3.0000e+01 203 146 25
3.0235e+01 203 144 25
3.0471e+01 202 143 24
3.0706e+01 202 142 24
3.0941e+01 201 141 24
3.1176e+01 201 140 23
3.1412e+01 200 139 23
3.1647e+01 200 138 23
3.1882e+01 199 137 22
3.2118e+01 199 135 22
3.2353e+01 199 134 22
3.2588e+01 198 133 22
3.2824e+01 198 132 21
3.3059e+01 197 131 21
3.3294e+01 197 130 21
3.3529e+01 196 129 21
3.3765e+01 196 128 20
3.4000e+01 195 127 20
3.4235e+01 195 126 20
3.4471e+01 194 124 20
3.4706e+01 194 123 20
3.4941e+01 193 122 20
3.5176e+01 193 121 19
3.5412e+01 192 120 19
3.5647e+01 192 119 19
3.5882e+01 191 118 19
3.6118e+01 191 117 19
3.6353e+01 190 116 19
3.6588e+01 190 115 19
3.6824e+01 189 114 19
3.7059e+01 188 113 19
3.7294e+01 188 111 19
3.7529e+01 187 110 18
3.7765e+01 187 109 18
3.8000e+01 186 108 18
3.8235e+01 186 107 18
3.8471e+01 185 106 18
3.8706e+01 185 105 18
3.8941e+01 184 104 18
3.9176e+01 183 103 18
3.9412e+01 183 102 19
3.9647e+01 182 101 19
3.9882e+01 182 100 19
4.0118e+01 181 99 19
4.0353e+01 180 98 19
4.0588e+01 180 97 19
4.0824e+01 179 96 19
4.1059e+01 179 95 19
4.1294e+01 178 94 19
4.1529e+01 177 93 19
4.1765e+01 177 92 19
4.2000e+01 176 91 20
4.2235e+01 175 90 20
4.2471e+01 175 89 20
4.2706e+01 174 88 20
4.2941e+01 173 87 20
4.3176e+01 173 86 20
4.3412e+01 172 85 20
4.3647e+01 171 84 21
4.3882e+01 171 83 21
4.4118e+01 170 82 21
4.4353e+01 169 81 21
4.4588e+01 169 80 21
4.4824e+01 168 79 22
4.5059e+01 167 78 22
4.5294e+01 166 77 22
4.5529e+01 166 76 22
4.5765e+01 165 75 23
4.6000e+01 164 74 23
4.6235e+01 164 73 23
4.6471e+01 163 72 23
4.6706e+01 162 71 24
4.6941e+01 161 70 24
4.7176e+01 160 69 24
4.7412e+01 160 68 24
4.7647e+01 159 67 25
4.7882e+01 158 67 25
4.8118e+01 157 66 25
4.8353e+01 156 65 25
4.8588e+01 156 64 26
4.8824e+01 155 63 26
4.9059e+01 154 62 26
4.9294e+01 153 61 27
4.9529e+01 152 60 27
4.9765e+01 151 60 27
5.0000e+01 151 59 27
5.0235e+01 150 58 28
5.0471e+01 149 57 28
5.0706e+01 148 56 28
5.0941e+01 147 56 29
5.1176e+01 146 55 29
5.1412e+01 145 54 29
5.1647e+01 144 53 30
5.1882e+01 143 52 30
5.2118e+01 142 52 30
5.2353e+01 141 51 31
5.2588e+01 140 50 31
5.2824e+01 139 50 31
5.3059e+01 138 49 31
5.3294e+01 137 48 32
5.3529e+01 136 48 32
5.3765e+01 135 47 32
5.4000e+01 134 46 33
5.4235e+01 133 46 33
5.4471e+01 132 45 33
5.4706e+01 131 45 33
5.4941e+01 130 44 34
5.5176e+01 129 44 34
5.5412e+01 127 43 34
5.5647e+01 126 43 34
5.5882e+01 125 42 35
5.6118e+01 124 42 35
5.6353e+01 123 41 35
5.6588e+01 122 41 35
5.6824e+01 120 40 35
5.7059e+01 119 40 36
5.7294e+01 118 39 36
5.7529e+01 117 39 36
5.7765e+01 116 38 36
5.8000e+01 114 38 36
5.8235e+01 113 38 36
5.8471e+01 112 37 36
5.8706e+01 111 37 36
5.8941e+01 109 37 36
5.9176e+01 108 36 36
5.9412e+01 107 36 36
5.9647e+01 106 35 36
5.9882e+01 104 35 36
6.0118e+01 103 35 36
6.0353e+01 102 34 36
6.0588e+01 101 34 36
6.0824e+01 99 34 36
6.1059e+01 98 33 36
6.1294e+01 97 33 36
6.1529e+01 96 33 36
6.1765e+01 94 32 35
6.2000e+01 93 32 35
6.2235e+01 92 32 35
6.2471e+01 91 31 35
6.2706e+01 89 31 35
6.2941e+01 88 31 35
6.3176e+01 87 30 34
6.3412e+01 86 30 34
6.3647e+01 84 30 34
6.3882e+01 83 29 34
6.4118e+01 82 29 33
6.4353e+01 81 29 33
6.4588e+01 79 28 33
6.4824e+01 78 28 32
6.5059e+01 77 28 32
6.5294e+01 76 27 32
6.5529e+01 74 27 31
6.5765e+01 73 27 31
6.6000e+01 72 26 31
6.6235e+01 71 26 30
6.6471e+01 69 25 30
6.6706e+01 68 25 30
6.6941e+01 67 25 29
6.7176e+01 66 24 29
6.7412e+01 64 24 28
6.7647e+01 63 23 28
6.7882e+01 62 23 28
6.8118e+01 61 23 27
6.8353e+01 59 22 27
6.8588e+01 58 22 26
6.8824e+01 57 21 26
6.9059e+01 56 21 25
6.9294e+01 55 21 25
6.9529e+01 53 20 24
6.9765e+01 52 20 24
7.0000e+01 51 19 23
