nv 0 0 0 0
-1.1000e+77 0 0 0 0
-1.0000e+77 230 241 241
0.00 228 240 240
4.33e+00 227 239 239
8.66e+00 225 238 239
1.30e+01 223 237 238
1.73e+01 221 237 237
2.17e+01 220 236 237
2.60e+01 218 235 236
3.03e+01 216 234 236
3.46e+01 215 233 235
3.90e+01 213 233 235
4.33e+01 211 232 234
4.76e+01 209 231 234
5.20e+01 208 230 233
5.63e+01 206 229 233
6.06e+01 204 228 232
6.50e+01 203 228 232
6.93e+01 201 227 232
7.36e+01 199 226 231
7.80e+01 198 225 231
8.23e+01 196 224 230
8.66e+01 194 223 230
9.09e+01 193 223 230
9.53e+01 191 222 229
9.96e+01 189 221 229
1.04e+02 188 220 229
1.08e+02 186 219 229
1.13e+02 185 218 228
1.17e+02 183 218 228
1.21e+02 181 217 228
1.26e+02 180 216 228
1.30e+02 178 215 228
1.34e+02 177 214 227
1.39e+02 175 213 227
1.43e+02 174 212 227
1.47e+02 172 211 227
1.52e+02 171 211 227
1.56e+02 169 210 227
1.60e+02 168 209 227
1.65e+02 166 208 227
1.69e+02 165 207 226
1.73e+02 163 206 226
1.78e+02 162 205 226
1.82e+02 160 204 226
1.86e+02 159 204 226
1.91e+02 157 203 226
1.95e+02 156 202 226
1.99e+02 155 201 226
2.04e+02 153 200 226
2.08e+02 152 199 226
2.12e+02 151 198 226
2.17e+02 149 197 226
2.21e+02 148 196 226
2.25e+02 147 195 226
2.30e+02 145 194 226
2.34e+02 144 194 226
2.38e+02 143 193 226
2.43e+02 142 192 226
2.47e+02 141 191 226
2.51e+02 139 190 226
2.56e+02 138 189 227
2.60e+02 137 188 227
2.64e+02 136 187 227
2.69e+02 135 186 227
2.73e+02 134 185 227
2.77e+02 133 184 227
2.81e+02 132 183 227
2.86e+02 131 182 227
2.90e+02 130 181 227
2.94e+02 129 180 227
2.99e+02 128 179 227
3.03e+02 127 178 228
3.07e+02 126 177 228
3.12e+02 125 176 228
3.16e+02 125 175 228
3.20e+02 124 174 228
3.25e+02 123 173 228
3.29e+02 122 172 228
3.33e+02 122 171 228
3.38e+02 121 170 228
3.42e+02 121 169 228
3.46e+02 120 168 228
3.51e+02 120 167 228
3.55e+02 119 165 228
3.59e+02 119 164 229
3.64e+02 118 163 229
3.68e+02 118 162 229
3.72e+02 117 161 229
3.77e+02 117 160 229
3.81e+02 117 159 229
3.85e+02 116 158 229
3.90e+02 116 157 228
3.94e+02 116 155 228
3.98e+02 116 154 228
4.03e+02 116 153 228
4.07e+02 116 152 228
4.11e+02 115 151 228
4.16e+02 115 150 228
4.20e+02 115 148 228
4.24e+02 115 147 228
4.29e+02 115 146 227
4.33e+02 115 145 227
4.37e+02 115 144 227
4.42e+02 115 143 227
4.46e+02 115 141 226
4.50e+02 116 140 226
4.55e+02 116 139 226
4.59e+02 116 138 225
4.63e+02 116 137 225
4.68e+02 116 135 225
4.72e+02 116 134 224
4.76e+02 116 133 224
4.81e+02 117 132 223
4.85e+02 117 131 223
4.89e+02 117 129 222
4.94e+02 117 128 222
4.98e+02 117 127 221
5.02e+02 118 126 221
5.07e+02 118 124 220
5.11e+02 118 123 219
5.15e+02 118 122 219
5.20e+02 118 121 218
5.24e+02 119 120 217
5.28e+02 119 118 217
5.33e+02 119 117 216
5.37e+02 119 116 215
5.41e+02 119 115 214
5.46e+02 119 114 213
5.50e+02 120 112 213
5.54e+02 120 111 212
5.59e+02 120 110 211
5.63e+02 120 109 210
5.67e+02 120 108 209
5.72e+02 120 107 208
5.76e+02 120 105 207
5.80e+02 121 104 206
5.85e+02 121 103 205
5.89e+02 121 102 204
5.93e+02 121 101 203
5.98e+02 121 100 202
6.02e+02 121 98 201
6.06e+02 121 97 200
6.11e+02 121 96 199
6.15e+02 121 95 198
6.19e+02 121 94 197
6.24e+02 121 93 196
6.28e+02 121 92 195
6.32e+02 121 90 193
6.37e+02 121 89 192
6.41e+02 121 88 191
6.45e+02 121 87 190
6.50e+02 121 86 189
6.54e+02 121 85 187
6.58e+02 121 84 186
6.63e+02 121 83 185
6.67e+02 121 82 184
6.71e+02 121 81 182
6.76e+02 121 79 181
6.80e+02 120 78 180
6.84e+02 120 77 179
6.89e+02 120 76 177
6.93e+02 120 75 176
6.97e+02 120 74 175
7.02e+02 120 73 173
7.06e+02 120 72 172
7.10e+02 119 71 171
7.15e+02 119 70 169
7.19e+02 119 69 168
7.23e+02 119 68 166
7.28e+02 118 67 165
7.32e+02 118 66 164
7.36e+02 118 65 162
7.41e+02 118 64 161
7.45e+02 117 63 159
7.49e+02 117 62 158
7.54e+02 117 61 156
7.58e+02 116 60 155
7.62e+02 116 59 154
7.67e+02 116 58 152
7.71e+02 115 57 151
7.75e+02 115 56 149
7.80e+02 115 55 148
7.84e+02 114 54 146
7.88e+02 114 53 145
7.93e+02 114 52 143
7.97e+02 113 51 142
8.01e+02 113 50 140
8.06e+02 112 49 138
8.10e+02 112 48 137
8.14e+02 111 47 135
8.19e+02 111 47 134
8.23e+02 111 46 132
8.27e+02 110 45 131
8.31e+02 110 44 129
8.36e+02 109 43 127
8.40e+02 109 42 126
8.44e+02 108 41 124
8.49e+02 107 41 123
8.53e+02 107 40 121
8.57e+02 106 39 119
8.62e+02 106 38 118
8.66e+02 105 37 116
8.70e+02 105 37 115
8.75e+02 104 36 113
8.79e+02 103 35 111
8.83e+02 103 34 110
8.88e+02 102 33 108
8.92e+02 101 33 106
8.96e+02 101 32 105
9.01e+02 100 31 103
9.05e+02 99 31 101
9.09e+02 99 30 100
9.14e+02 98 29 98
9.18e+02 97 29 96
9.22e+02 96 28 95
9.27e+02 96 28 93
9.31e+02 95 27 91
9.35e+02 94 26 90
9.40e+02 93 26 88
9.44e+02 92 25 86
9.48e+02 91 25 85
9.53e+02 91 24 83
9.57e+02 90 24 81
9.61e+02 89 23 80
9.66e+02 88 23 78
9.70e+02 87 23 77
9.74e+02 86 22 75
9.79e+02 85 22 73
9.83e+02 84 21 72
9.87e+02 83 21 70
9.92e+02 82 21 69
9.96e+02 81 20 67
1.00e+03 80 20 65
1.00e+03 79 20 64
1.01e+03 78 19 62
1.01e+03 77 19 61
1.02e+03 76 19 59
1.02e+03 74 19 58
1.03e+03 73 18 57
1.03e+03 72 18 55
1.04e+03 71 18 54
1.04e+03 70 18 52
1.04e+03 69 17 51
1.05e+03 68 17 50
1.05e+03 66 17 48
1.06e+03 65 17 47
1.06e+03 64 16 46
1.07e+03 63 16 45
1.07e+03 62 16 43
1.07e+03 60 16 42
1.08e+03 59 15 41
1.08e+03 58 15 40
1.09e+03 57 15 39
1.09e+03 56 15 37
1.10e+03 54 14 36
