nv 0 0 0 0
-1.1000e+77 0 0 0 0
-1.0000e+77 254 237 176
5.00e+14 253 236 175
5.18e+14 253 234 173
5.35e+14 253 233 172
5.53e+14 253 232 171
5.71e+14 253 230 169
5.89e+14 253 229 168
6.06e+14 253 227 167
6.24e+14 253 226 165
6.42e+14 252 225 164
6.59e+14 252 223 163
6.77e+14 252 222 161
6.95e+14 252 220 160
7.13e+14 252 219 159
7.30e+14 252 218 157
7.48e+14 252 216 156
7.66e+14 251 215 155
7.83e+14 251 213 153
8.01e+14 251 212 152
8.19e+14 251 211 151
8.37e+14 251 209 150
8.54e+14 251 208 148
8.72e+14 251 206 147
8.90e+14 250 205 146
9.07e+14 250 204 145
9.25e+14 250 202 143
9.43e+14 250 201 142
9.61e+14 250 199 141
9.78e+14 250 198 140
9.96e+14 250 197 139
1.01e+15 249 195 137
1.03e+15 249 194 136
1.05e+15 249 193 135
1.07e+15 249 191 134
1.08e+15 249 190 133
1.10e+15 249 188 132
1.12e+15 248 187 130
1.14e+15 248 186 129
1.16e+15 248 184 128
1.17e+15 248 183 127
1.19e+15 248 182 126
1.21e+15 247 180 125
1.23e+15 247 179 124
1.24e+15 247 177 123
1.26e+15 247 176 122
1.28e+15 247 175 121
1.30e+15 246 173 120
1.31e+15 246 172 119
1.33e+15 246 171 118
1.35e+15 246 169 117
1.37e+15 245 168 116
1.39e+15 245 166 115
1.40e+15 245 165 114
1.42e+15 245 164 113
1.44e+15 245 162 112
1.46e+15 244 161 111
1.47e+15 244 160 110
1.49e+15 244 158 109
1.51e+15 243 157 108
1.53e+15 243 155 107
1.55e+15 243 154 106
1.56e+15 243 153 105
1.58e+15 242 151 104
1.60e+15 242 150 103
1.62e+15 242 149 103
1.63e+15 242 147 102
1.65e+15 241 146 101
1.67e+15 241 145 100
1.69e+15 241 143 99
1.70e+15 240 142 98
1.72e+15 240 140 98
1.74e+15 240 139 97
1.76e+15 239 138 96
1.78e+15 239 136 95
1.79e+15 239 135 95
1.81e+15 238 134 94
1.83e+15 238 132 93
1.85e+15 238 131 93
1.86e+15 237 129 92
1.88e+15 237 128 91
1.90e+15 237 127 91
1.92e+15 236 125 90
1.94e+15 236 124 90
1.95e+15 235 123 89
1.97e+15 235 121 89
1.99e+15 235 120 88
2.01e+15 234 119 88
2.02e+15 234 117 87
2.04e+15 233 116 87
2.06e+15 233 114 86
2.08e+15 232 113 86
2.09e+15 232 112 85
2.11e+15 231 110 85
2.13e+15 231 109 85
2.15e+15 230 108 84
2.17e+15 230 106 84
2.18e+15 229 105 84
2.20e+15 229 104 84
2.22e+15 228 102 83
2.24e+15 228 101 83
2.25e+15 227 100 83
2.27e+15 227 98 83
2.29e+15 226 97 83
2.31e+15 225 96 83
2.32e+15 225 95 83
2.34e+15 224 93 83
2.36e+15 224 92 83
2.38e+15 223 91 83
2.40e+15 222 89 83
2.41e+15 222 88 83
2.43e+15 221 87 83
2.45e+15 220 86 83
2.47e+15 219 85 83
2.48e+15 219 83 83
2.50e+15 218 82 83
2.52e+15 217 81 83
2.54e+15 216 80 83
2.56e+15 215 79 84
2.57e+15 215 77 84
2.59e+15 214 76 84
2.61e+15 213 75 84
2.63e+15 212 74 85
2.64e+15 211 73 85
2.66e+15 210 72 85
2.68e+15 209 71 85
2.70e+15 209 70 86
2.71e+15 208 69 86
2.73e+15 207 68 86
2.75e+15 206 67 87
2.77e+15 205 66 87
2.79e+15 204 65 87
2.80e+15 203 64 88
2.82e+15 202 63 88
2.84e+15 201 62 88
2.86e+15 200 61 89
2.87e+15 199 60 89
2.89e+15 198 59 89
2.91e+15 197 58 90
2.93e+15 196 57 90
2.94e+15 194 56 90
2.96e+15 193 56 91
2.98e+15 192 55 91
3.00e+15 191 54 91
3.02e+15 190 53 92
3.03e+15 189 52 92
3.05e+15 188 52 92
3.07e+15 187 51 93
3.09e+15 186 50 93
3.10e+15 184 49 93
3.12e+15 183 48 94
3.14e+15 182 48 94
3.16e+15 181 47 94
3.18e+15 180 46 94
3.19e+15 179 46 95
3.21e+15 178 45 95
3.23e+15 176 44 95
3.25e+15 175 44 96
3.26e+15 174 43 96
3.28e+15 173 42 96
3.30e+15 172 42 96
3.32e+15 170 41 97
3.33e+15 169 40 97
3.35e+15 168 40 97
3.37e+15 167 39 97
3.39e+15 165 39 97
3.41e+15 164 38 98
3.42e+15 163 38 98
3.44e+15 162 37 98
3.46e+15 161 37 98
3.48e+15 159 36 98
3.49e+15 158 36 99
3.51e+15 157 35 99
3.53e+15 155 35 99
3.55e+15 154 34 99
3.56e+15 153 34 99
3.58e+15 152 33 99
3.60e+15 150 33 99
3.62e+15 149 32 99
3.64e+15 148 32 99
3.65e+15 147 32 99
3.67e+15 145 31 99
3.69e+15 144 31 99
3.71e+15 143 31 99
3.72e+15 141 30 99
3.74e+15 140 30 99
3.76e+15 139 30 99
3.78e+15 137 29 99
3.80e+15 136 29 99
3.81e+15 135 29 99
3.83e+15 133 28 99
3.85e+15 132 28 99
3.87e+15 131 28 99
3.88e+15 129 28 99
3.90e+15 128 27 98
3.92e+15 127 27 98
3.94e+15 125 27 98
3.95e+15 124 27 98
3.97e+15 123 27 98
3.99e+15 121 26 97
4.01e+15 120 26 97
4.03e+15 119 26 97
4.04e+15 117 26 97
4.06e+15 116 26 96
4.08e+15 115 26 96
4.10e+15 113 25 96
4.11e+15 112 25 95
4.13e+15 110 25 95
4.15e+15 109 25 94
4.17e+15 108 25 94
4.19e+15 106 25 94
4.20e+15 105 25 93
4.22e+15 104 25 93
4.24e+15 102 24 92
4.26e+15 101 24 92
4.27e+15 100 24 91
4.29e+15 98 24 91
4.31e+15 97 24 90
4.33e+15 96 24 90
4.34e+15 94 24 89
4.36e+15 93 23 89
4.38e+15 92 23 88
4.40e+15 90 23 87
4.42e+15 89 23 87
4.43e+15 87 23 86
4.45e+15 86 23 85
4.47e+15 85 23 85
4.49e+15 83 22 84
4.50e+15 82 22 84
4.52e+15 81 22 83
4.54e+15 79 22 82
4.56e+15 78 22 81
4.57e+15 77 21 81
4.59e+15 76 21 80
4.61e+15 74 21 79
4.63e+15 73 21 79
4.65e+15 72 21 78
4.66e+15 70 20 77
4.68e+15 69 20 76
4.70e+15 68 20 75
4.72e+15 66 20 75
4.73e+15 65 19 74
4.75e+15 64 19 73
4.77e+15 62 19 72
4.79e+15 61 19 71
4.81e+15 60 18 71
4.82e+15 59 18 70
4.84e+15 57 18 69
4.86e+15 56 17 68
4.88e+15 55 17 67
4.89e+15 54 17 66
4.91e+15 52 17 65
4.93e+15 51 16 65
4.95e+15 50 16 64
4.96e+15 48 15 63
4.98e+15 47 15 62
