nv 0 0 0 0
-1.0000e+77 241 237 236
0.00 241 236 235
1.9700e-02 240 235 233
3.9400e-02 239 233 232
5.9100e-02 239 232 231
7.8700e-02 238 231 229
9.8400e-02 238 230 228
1.1800e-01 237 229 227
1.3800e-01 237 227 225
1.5700e-01 236 226 224
1.7700e-01 236 225 222
1.9700e-01 235 224 221
2.1700e-01 235 223 219
2.3600e-01 234 221 218
2.5600e-01 234 220 217
2.7600e-01 233 219 215
2.9500e-01 233 218 214
3.1500e-01 233 217 212
3.3500e-01 232 215 211
3.5400e-01 232 214 209
3.7400e-01 231 213 208
3.9400e-01 231 212 207
4.1300e-01 230 211 205
4.3300e-01 230 210 204
4.5300e-01 230 208 202
4.7200e-01 229 207 201
4.9200e-01 229 206 199
5.1200e-01 228 205 198
5.3100e-01 228 204 197
5.5100e-01 228 203 195
5.7100e-01 227 201 194
5.9100e-01 227 200 192
6.1000e-01 226 199 191
6.3000e-01 226 198 189
6.5000e-01 226 197 188
6.6900e-01 225 196 186
6.8900e-01 225 194 185
7.0900e-01 225 193 183
7.2800e-01 224 192 182
7.4800e-01 224 191 181
7.6800e-01 223 190 179
7.8700e-01 223 189 178
8.0700e-01 223 187 176
8.2700e-01 222 186 175
8.4600e-01 222 185 173
8.6600e-01 222 184 172
8.8600e-01 221 183 170
9.0600e-01 221 182 169
9.2500e-01 221 180 167
9.4500e-01 220 179 166
9.6500e-01 220 178 165
9.8400e-01 219 177 163
1.0000e+00 219 176 162
1.0200e+00 219 175 160
1.0400e+00 218 174 159
1.0600e+00 218 172 157
1.0800e+00 218 171 156
1.1000e+00 217 170 154
1.1200e+00 217 169 153
1.1400e+00 217 168 152
1.1600e+00 216 167 150
1.1800e+00 216 166 149
1.2000e+00 216 164 147
1.2200e+00 215 163 146
1.2400e+00 215 162 144
1.2600e+00 215 161 143
1.2800e+00 214 160 141
1.3000e+00 214 159 140
1.3200e+00 214 158 139
1.3400e+00 213 156 137
1.3600e+00 213 155 136
1.3800e+00 213 154 134
1.4000e+00 212 153 133
1.4200e+00 212 152 131
1.4400e+00 212 151 130
1.4600e+00 211 150 128
1.4800e+00 211 148 127
1.5000e+00 211 147 126
1.5200e+00 210 146 124
1.5400e+00 210 145 123
1.5600e+00 210 144 121
1.5700e+00 209 143 120
1.5900e+00 209 142 119
1.6100e+00 208 140 117
1.6300e+00 208 139 116
1.6500e+00 208 138 114
1.6700e+00 207 137 113
1.6900e+00 207 136 112
1.7100e+00 207 135 110
1.7300e+00 206 134 109
1.7500e+00 206 132 107
1.7700e+00 206 131 106
1.7900e+00 205 130 105
1.8100e+00 205 129 103
1.8300e+00 205 128 102
1.8500e+00 204 127 100
1.8700e+00 204 125 99
1.8900e+00 204 124 98
1.9100e+00 203 123 96
1.9300e+00 203 122 95
1.9500e+00 202 121 94
1.9700e+00 202 120 92
1.9900e+00 202 119 91
2.0100e+00 201 117 90
2.0300e+00 201 116 88
2.0500e+00 201 115 87
2.0700e+00 200 114 86
2.0900e+00 200 113 84
2.1100e+00 199 112 83
2.1300e+00 199 110 82
2.1500e+00 199 109 80
2.1700e+00 198 108 79
2.1900e+00 198 107 78
2.2000e+00 198 106 76
2.2200e+00 197 104 75
2.2400e+00 197 103 74
2.2600e+00 196 102 73
2.2800e+00 196 101 71
2.3000e+00 196 100 70
2.3200e+00 195 99 69
2.3400e+00 195 97 68
2.3600e+00 194 96 66
2.3800e+00 194 95 65
2.4000e+00 194 94 64
2.4200e+00 193 92 63
2.4400e+00 193 91 62
2.4600e+00 192 90 61
2.4800e+00 192 89 59
2.5000e+00 191 88 58
2.5200e+00 191 86 57
2.5400e+00 191 85 56
2.5600e+00 190 84 55
2.5800e+00 190 83 54
2.6000e+00 189 81 53
2.6200e+00 189 80 52
2.6400e+00 188 79 51
2.6600e+00 188 77 50
2.6800e+00 187 76 49
2.7000e+00 187 75 48
2.7200e+00 186 74 47
2.7400e+00 186 72 46
2.7600e+00 185 71 45
2.7800e+00 185 70 44
2.8000e+00 184 68 44
2.8100e+00 184 67 43
2.8300e+00 183 66 42
2.8500e+00 183 64 42
2.8700e+00 182 63 41
2.8900e+00 182 62 40
2.9100e+00 181 60 40
2.9300e+00 181 59 39
2.9500e+00 180 58 39
2.9700e+00 179 56 38
2.9900e+00 179 55 38
3.0100e+00 178 54 37
3.0300e+00 177 52 37
3.0500e+00 177 51 37
3.0700e+00 176 50 37
3.0900e+00 175 48 36
3.1100e+00 175 47 36
3.1300e+00 174 46 36
3.1500e+00 173 45 36
3.1700e+00 172 43 36
3.1900e+00 172 42 36
3.2100e+00 171 41 36
3.2300e+00 170 40 36
3.2500e+00 169 38 36
3.2700e+00 168 37 36
3.2900e+00 167 36 36
3.3100e+00 166 35 36
3.3300e+00 165 34 37
3.3500e+00 165 33 37
3.3700e+00 164 31 37
3.3900e+00 163 30 37
3.4100e+00 162 29 37
3.4300e+00 161 28 38
3.4400e+00 160 27 38
3.4600e+00 159 26 38
3.4800e+00 158 25 38
3.5000e+00 156 24 38
3.5200e+00 155 23 39
3.5400e+00 154 23 39
3.5600e+00 153 22 39
3.5800e+00 152 21 39
3.6000e+00 151 20 40
3.6200e+00 150 19 40
3.6400e+00 149 19 40
3.6600e+00 147 18 40
3.6800e+00 146 18 40
3.7000e+00 145 17 41
3.7200e+00 144 17 41
3.7400e+00 143 16 41
3.7600e+00 141 16 41
3.7800e+00 140 15 41
3.8000e+00 139 15 41
3.8200e+00 138 15 41
3.8400e+00 136 15 41
3.8600e+00 135 14 41
3.8800e+00 134 14 41
3.9000e+00 132 14 41
3.9200e+00 131 14 41
3.9400e+00 130 14 41
3.9600e+00 128 14 41
3.9800e+00 127 14 41
4.0000e+00 126 14 41
4.0200e+00 124 14 41
4.0400e+00 123 14 41
4.0600e+00 122 14 41
4.0700e+00 120 14 40
4.0900e+00 119 14 40
4.1100e+00 118 14 40
4.1300e+00 116 14 40
4.1500e+00 115 14 39
4.1700e+00 114 14 39
4.1900e+00 112 14 39
4.2100e+00 111 14 38
4.2300e+00 110 14 38
4.2500e+00 108 15 38
4.2700e+00 107 15 37
4.2900e+00 106 15 37
4.3100e+00 104 15 37
4.3300e+00 103 15 36
4.3500e+00 102 15 36
4.3700e+00 100 14 35
4.3900e+00 99 14 35
4.4100e+00 98 14 34
4.4300e+00 96 14 34
4.4500e+00 95 14 34
4.4700e+00 94 14 33
4.4900e+00 92 14 33
4.5100e+00 91 14 32
4.5300e+00 90 14 32
4.5500e+00 88 14 31
4.5700e+00 87 14 30
4.5900e+00 86 14 30
4.6100e+00 84 13 29
4.6300e+00 83 13 29
4.6500e+00 82 13 28
4.6700e+00 81 13 28
4.6900e+00 79 13 27
4.7000e+00 78 13 27
4.7200e+00 77 12 26
4.7400e+00 75 12 25
4.7600e+00 74 12 25
4.7800e+00 73 12 24
4.8000e+00 72 11 24
4.8200e+00 70 11 23
4.8400e+00 69 11 22
4.8600e+00 68 11 22
4.8800e+00 67 10 21
4.9000e+00 65 10 20
4.9200e+00 64 10 20
4.9400e+00 63 10 19
4.9600e+00 61 9 18
4.9800e+00 60 9 18
