nv 0 0 0 0
5.000000e+14 253 237 176 255
7.045455e+14 252 221 161 255
9.090909e+14 250 205 145 255
1.113636e+15 248 189 132 255
1.318182e+15 246 173 119 255
1.522727e+15 243 157 108 255
1.727273e+15 240 142 98 255
1.931818e+15 236 125 90 255
2.136364e+15 231 109 84 255
2.340909e+15 225 95 82 255
2.545455e+15 216 80 83 255
2.750000e+15 206 67 86 255
2.954545e+15 195 56 90 255
3.159091e+15 181 47 93 255
3.363636e+15 168 40 96 255
3.568182e+15 153 33 98 255
3.772727e+15 138 29 99 255
3.977273e+15 123 26 97 255
4.181818e+15 107 24 93 255
4.386364e+15 91 23 87 255
4.590909e+15 76 21 80 255
4.795455e+15 61 18 71 255
5.000000e+15 47 15 61 255
